s Enter_Left
f 0 1.0 11.0 11.34 16.0
f 0 1.0 8.0 8.34 14.0
e
s Centre_Left
f 0 1.0 8.0 8.34 14.0
f 0 1.0 5.0 5.34 12.8
f 2 1.0 1.0 1.0 1.0
f 2 0.5 1.0 1.0 1.0
f 2 0.5 1.25 1.25 1.25
e
s Decentre_Right
f 0 0.5 5.0 5.34 12.8
f 0 1.0 5.0 5.34 12.8
f 0 1.0 2.0 2.34 14.0
f 2 0.5 1.25 1.25 1.25
f 2 0.5 1.0 1.0 1.0
e
s Exit_Right
f 0 1.0 2.0 2.34 14.0
f 0 0.01 -1.0 -1.34 16.0
f 0 0.5 0.f 0.f 20.f
e
s Enter_Right
f 0 0.01 -1.0 -1.34 16.0
f 0 1.0 2.0 2.34 14.0
e
s Centre_Right
f 0 1.0 2.0 2.34 12.8
f 0 1.0 5.0 5.34 14.0
f 2 1.0 1.0 1.0 1.0
f 2 0.5 1.0 1.0 1.0
f 2 0.5 1.25 1.25 1.25
e
s Decentre_Left
f 0 0.5 5.0 5.34 12.8
f 0 1.0 5.0 5.34 12.8
f 0 1.0 8.0 8.34 14.0
f 2 0.5 1.25 1.25 1.25
f 2 0.5 1.0 1.0 1.0
e
s Exit_Left
f 0 1.0 8.0 8.34 14.0
f 0 0.01 11.0 11.34 16.0
f 0 0.5 0.f 0.f 20.f
e